k\_3\\////swan69 = 

3 x 3


| 431	912	0.03 		|
|						|   
| 11	.12	0.13 		|

|						|
|						|
|						|
|						|
|						|
|						|
|						|
|						|
|						|
|						|
| 131	.912	-0.03	|



disp_g = 

6 x 1

| 0	|
| 0 |
| 0 |
|  2.131e-02	|
|  -6.7322e-02	|
|  -2.5499e-03	|

ffprime =

6 x 1

|	40.25	|
|	20.125	|
|	1350	|
|	40.25	|
|	20.125	|
| 	-1350	|


Tran =

6 x 6
|	0.447213595 0.894427191	0	0	0	0 |
|	-0.894427191 0.447213595	0	0	0	0 |
|	0	0	1	0	0	0 |
|	0	0  0	0.447213595 0.894427191	0|
|	0	0  0	-0.894427191	0.447213595  0|
|	0	0	0	0	0	1 |

$Vec1 = 

1 x 6

[	u1	]
[	u2	]
[	u3	]
[   u4	]
[	u5	]
[	u6	]

