coord_info = 

4 x 3

0	0	0
0	100	0
100	100	0
100	0	0


concen = 

4 x 6

0	0	0	0	0	0
0	0	0	0	0	-20
0	0	0	0	0	0
5	0	0	0	0	0

fixity = 

4 x 6
0	0	0	0	0	1
1	1	0	0	0	1
1	1	0	0	0	1
1	0	0	0	0	1

properties = 

4 x 6

2	120	200	300	29000	0.3		0
3	130	200	350	29000	0.3		0
4	140	200	360	29000	0.3		0
4	140	200	360	29000	0.3		0

nodeID = 

4 x 6

1	2	3	4	5	6
7	8	9	10	11	12
13	14	15	16	17	18
19	20	21	22	23	24


mem_id = 

4 x 6

1	2	3	4	5	6	7	8	9	10	11	12
7	8	9	10	11	12	13	14	15	16	17	18
19	20	21	22	23	24	13	14	15	16	17	18
13	14	15	16	17	18	1	2	3	4	5	6	

ends = 

4 x 2

1	2
2	3
4	3
3	1
