coord_info = 

7 x 3

0	0	0
12000	0	0
24000	0	0
36000	0	0
48000	0	0
6226.4973081	-10000	0
41773.5026919	-10000	0


concen = 

7 x 6

0	0	0	0	0	0
0	0	0	0	0	0
0	-200	0	0	0	0
0	0	0	0	0	0
0	0	0	0	0	0
0	0	0	0	0	0
0	0	0	0	0	0

fixity = 

7 x 6
0	0	0	0	0	0
nan	nan	0	0	0	nan
nan	nan	0	0	0	nan
nan	nan	0	0	0	nan
0	0	0	0	0	0
0	0	0	0	0	0
0	0	0	0	0	0

properties = 

6 x 7

12000	500E+06	500E+06	500E+06	200	0.3		0
12000	500E+06	500E+06	500E+06	200	0.3		0
12000	500E+06	500E+06	500E+06	200	0.3		0
12000	500E+06	500E+06	500E+06	200	0.3		0
8000	00	00	00	200	0.3		0
8000	00	00	00	200	0.3		0

ends = 

6 x 2

1	2
2	3
3	4
4	5
6	2
7	4
